c	gamma	ACC	Sn	Sp	AUC	AP	MCC	TP	TN	FP	FN
0.03125	3.0517578125e-05	0.5037764350453172	0.595166163141994	0.4123867069486405	0.46925457051323005	0.4665346555405429	0.007682286344772147	394.0	273.0	389.0	268.0
0.03125	6.103515625e-05	0.5037764350453172	0.595166163141994	0.4123867069486405	0.47826781427697806	0.47076897251592537	0.007682286344772147	394.0	273.0	389.0	268.0
0.03125	0.0001220703125	0.5037764350453172	0.595166163141994	0.4123867069486405	0.46945080822555474	0.47554611339571495	0.007682286344772147	394.0	273.0	389.0	268.0
0.03125	0.000244140625	0.5037764350453172	0.595166163141994	0.4123867069486405	0.4783202964558556	0.4709046043990438	0.007682286344772147	394.0	273.0	389.0	268.0
0.03125	0.00048828125	0.5037764350453172	0.595166163141994	0.4123867069486405	0.46943483538850506	0.47570521287153655	0.007682286344772147	394.0	273.0	389.0	268.0
0.03125	0.0009765625	0.5045317220543807	0.595166163141994	0.41389728096676737	0.47708011975064113	0.47987684756439547	0.009216122327214502	394.0	274.0	388.0	268.0
0.03125	0.001953125	0.5045317220543807	0.595166163141994	0.41389728096676737	0.47825184143992844	0.4708531008057006	0.009216122327214502	394.0	274.0	388.0	268.0
0.03125	0.00390625	0.5052870090634441	0.595166163141994	0.41540785498489424	0.4626828889842189	0.47225835767947444	0.010749112501339485	394.0	275.0	387.0	268.0
0.03125	0.0078125	0.5075528700906344	0.5891238670694864	0.4259818731117825	0.47861465302434264	0.47297306797097394	0.015310865981194442	390.0	282.0	380.0	272.0
0.03125	0.015625	0.513595166163142	0.5861027190332326	0.44108761329305135	0.45572557753215104	0.4624713546316731	0.027480819949518412	388.0	292.0	370.0	274.0
0.03125	0.03125	0.5181268882175226	0.5845921450151057	0.4516616314199396	0.540025647812634	0.5505414260005282	0.036578396548737	387.0	299.0	363.0	275.0
0.0625	3.0517578125e-05	0.5037764350453172	0.595166163141994	0.4123867069486405	0.46925457051323005	0.4667402821532074	0.007682286344772147	394.0	273.0	389.0	268.0
0.0625	6.103515625e-05	0.5037764350453172	0.595166163141994	0.4123867069486405	0.47831116912039867	0.4709120286055995	0.007682286344772147	394.0	273.0	389.0	268.0
0.0625	0.0001220703125	0.5037764350453172	0.595166163141994	0.4123867069486405	0.46947134473033286	0.4667222176236141	0.007682286344772147	394.0	273.0	389.0	268.0
0.0625	0.000244140625	0.5037764350453172	0.595166163141994	0.4123867069486405	0.4783202964558556	0.47995207801437734	0.007682286344772147	394.0	273.0	389.0	268.0
0.0625	0.00048828125	0.5037764350453172	0.595166163141994	0.4123867069486405	0.46530471609423063	0.4727808528697141	0.007682286344772147	394.0	273.0	389.0	268.0
0.0625	0.0009765625	0.5045317220543807	0.595166163141994	0.41389728096676737	0.4735911957722182	0.4706307761422963	0.009216122327214502	394.0	274.0	388.0	268.0
0.0625	0.001953125	0.5045317220543807	0.595166163141994	0.41389728096676737	0.48184116610837807	0.480737974478489	0.009216122327214502	394.0	274.0	388.0	268.0
0.0625	0.00390625	0.5052870090634441	0.595166163141994	0.41540785498489424	0.4656333001706812	0.46917069585581267	0.010749112501339485	394.0	275.0	387.0	268.0
0.0625	0.0078125	0.5105740181268882	0.5936555891238671	0.42749244712990936	0.4676744005622439	0.47145263149753264	0.021446175056874323	393.0	283.0	379.0	269.0
0.0625	0.015625	0.5619335347432024	0.7537764350453172	0.37009063444108764	0.5712890535865865	0.5880921899949939	0.1341331222867478	499.0	245.0	417.0	163.0
0.0625	0.03125	0.5883685800604229	0.7854984894259819	0.39123867069486407	0.6022603846259162	0.5843981161030594	0.19231485195643322	520.0	259.0	403.0	142.0
0.125	3.0517578125e-05	0.5037764350453172	0.595166163141994	0.4123867069486405	0.46944852639169043	0.4757623084276168	0.007682286344772147	394.0	273.0	389.0	268.0
0.125	6.103515625e-05	0.5037764350453172	0.595166163141994	0.4123867069486405	0.4783339874590411	0.47996419030174753	0.007682286344772147	394.0	273.0	389.0	268.0
0.125	0.0001220703125	0.5037764350453172	0.595166163141994	0.4123867069486405	0.46947134473033286	0.4667222176236141	0.007682286344772147	394.0	273.0	389.0	268.0
0.125	0.000244140625	0.5037764350453172	0.595166163141994	0.4123867069486405	0.46945993556101173	0.466711028280432	0.007682286344772147	394.0	273.0	389.0	268.0
0.125	0.00048828125	0.5037764350453172	0.595166163141994	0.4123867069486405	0.47635335566488074	0.4784101222995218	0.007682286344772147	394.0	273.0	389.0	268.0
0.125	0.0009765625	0.5045317220543807	0.595166163141994	0.41389728096676737	0.47341207181387535	0.47006290957216534	0.009216122327214502	394.0	274.0	388.0	268.0
0.125	0.001953125	0.5045317220543807	0.595166163141994	0.41389728096676737	0.46122023347724106	0.4606818574043389	0.009216122327214502	394.0	274.0	388.0	268.0
0.125	0.00390625	0.5234138972809668	0.6419939577039275	0.40483383685800606	0.4889890106881098	0.5143999506702452	0.04820299841506048	425.0	268.0	394.0	237.0
0.125	0.0078125	0.5634441087613293	0.8595166163141994	0.2673716012084592	0.5966219731473791	0.5834235129048895	0.15746248411159178	569.0	177.0	485.0	93.0
0.125	0.015625	0.601963746223565	0.7885196374622356	0.41540785498489424	0.6592628763884959	0.6469046359944588	0.2198000457726859	522.0	275.0	387.0	140.0
0.125	0.03125	0.6193353474320241	0.7190332326283988	0.5196374622356495	0.6718563174852366	0.6698269036494529	0.24356164631822755	476.0	344.0	318.0	186.0
0.25	3.0517578125e-05	0.5037764350453172	0.595166163141994	0.4123867069486405	0.46947134473033286	0.4669390761456913	0.007682286344772147	394.0	273.0	389.0	268.0
0.25	6.103515625e-05	0.5037764350453172	0.595166163141994	0.4123867069486405	0.4776220552933982	0.4787980700238589	0.007682286344772147	394.0	273.0	389.0	268.0
0.25	0.0001220703125	0.5037764350453172	0.595166163141994	0.4123867069486405	0.4694713447303329	0.4757691539103259	0.007682286344772147	394.0	273.0	389.0	268.0
0.25	0.000244140625	0.5037764350453172	0.595166163141994	0.4123867069486405	0.4783202964558556	0.47995207801437734	0.007682286344772147	394.0	273.0	389.0	268.0
0.25	0.00048828125	0.5037764350453172	0.595166163141994	0.4123867069486405	0.47104010551199793	0.4683375849386948	0.007682286344772147	394.0	273.0	389.0	268.0
0.25	0.0009765625	0.5045317220543807	0.595166163141994	0.41389728096676737	0.4581420395943812	0.4605966020400842	0.009216122327214502	394.0	274.0	388.0	268.0
0.25	0.001953125	0.5324773413897281	0.6858006042296072	0.37915407854984895	0.4860876589297286	0.5205934629996571	0.0682423633965769	454.0	251.0	411.0	208.0
0.25	0.00390625	0.5687311178247734	0.850453172205438	0.28700906344410876	0.6079307417785526	0.5910908657337008	0.16638811284287952	563.0	190.0	472.0	99.0
0.25	0.0078125	0.6095166163141994	0.7673716012084593	0.4516616314199396	0.6668705104918721	0.662267663817595	0.23083933988907404	508.0	299.0	363.0	154.0
0.25	0.015625	0.6283987915407855	0.6993957703927492	0.5574018126888217	0.6756281888628253	0.6701221819832655	0.2594262128382437	463.0	369.0	293.0	199.0
0.25	0.03125	0.6321752265861027	0.6646525679758308	0.5996978851963746	0.680559231843448	0.6731612931175444	0.2649098859555639	440.0	397.0	265.0	222.0
0.5	3.0517578125e-05	0.5037764350453172	0.595166163141994	0.4123867069486405	0.46880961290970324	0.4649234823768138	0.007682286344772147	394.0	273.0	389.0	268.0
0.5	6.103515625e-05	0.5037764350453172	0.595166163141994	0.4123867069486405	0.4625163151121293	0.457138626847691	0.007682286344772147	394.0	273.0	389.0	268.0
0.5	0.0001220703125	0.5037764350453172	0.595166163141994	0.4123867069486405	0.4783294237913126	0.47091473512903814	0.007682286344772147	394.0	273.0	389.0	268.0
0.5	0.000244140625	0.5037764350453172	0.595166163141994	0.4123867069486405	0.46745762634514104	0.4670842067653848	0.007682286344772147	394.0	273.0	389.0	268.0
0.5	0.00048828125	0.5037764350453172	0.595166163141994	0.4123867069486405	0.47608866293662894	0.469413446035386	0.007682286344772147	394.0	273.0	389.0	268.0
0.5	0.0009765625	0.5422960725075529	0.7175226586102719	0.36706948640483383	0.48598839915663417	0.496800467262458	0.09032023103391666	475.0	243.0	419.0	187.0
0.5	0.001953125	0.5694864048338368	0.850453172205438	0.28851963746223563	0.6332385611668386	0.6141911978387193	0.16800745728288743	563.0	191.0	471.0	99.0
0.5	0.00390625	0.6178247734138973	0.7598187311178247	0.47583081570996977	0.6632001807212421	0.6548595142495751	0.245768356149824	503.0	315.0	347.0	159.0
0.5	0.0078125	0.622356495468278	0.6812688821752266	0.5634441087613293	0.6770018528490978	0.6720311523452044	0.24642952000571697	451.0	373.0	289.0	211.0
0.5	0.015625	0.6336858006042296	0.6450151057401813	0.622356495468278	0.6813886784530993	0.6760729660831815	0.26744026362577633	427.0	412.0	250.0	235.0
0.5	0.03125	0.6487915407854985	0.6510574018126888	0.6465256797583081	0.6860036874435245	0.678554641139408	0.29758613727625044	431.0	428.0	234.0	231.0
1.0	3.0517578125e-05	0.5037764350453172	0.595166163141994	0.4123867069486405	0.46947134473033286	0.4757691698101406	0.007682286344772147	394.0	273.0	389.0	268.0
1.0	6.103515625e-05	0.5037764350453172	0.595166163141994	0.4123867069486405	0.4694759083980613	0.4755570538964897	0.007682286344772147	394.0	273.0	389.0	268.0
1.0	0.0001220703125	0.5037764350453172	0.595166163141994	0.4123867069486405	0.46429158185850805	0.4630616732097541	0.007682286344772147	394.0	273.0	389.0	268.0
1.0	0.000244140625	0.5037764350453172	0.595166163141994	0.4123867069486405	0.47307207856810357	0.47123874641962105	0.007682286344772147	394.0	273.0	389.0	268.0
1.0	0.00048828125	0.5453172205438066	0.729607250755287	0.3610271903323263	0.5370718138753755	0.533376977433218	0.09749874166498554	483.0	239.0	423.0	179.0
1.0	0.0009765625	0.56797583081571	0.8549848942598187	0.2809667673716012	0.6360840079955459	0.6271672935848873	0.16602905492124387	566.0	186.0	476.0	96.0
1.0	0.001953125	0.620845921450151	0.756797583081571	0.48489425981873113	0.6733041410720968	0.6714067985253944	0.25115418416206986	501.0	321.0	341.0	161.0
1.0	0.00390625	0.622356495468278	0.6827794561933535	0.5619335347432024	0.6773532552641908	0.673484162282206	0.24651966539149917	452.0	372.0	290.0	210.0
1.0	0.0078125	0.6367069486404834	0.6465256797583081	0.6268882175226587	0.681177608820657	0.6749369729518883	0.2734666308232664	428.0	415.0	247.0	234.0
1.0	0.015625	0.6442598187311178	0.6404833836858006	0.648036253776435	0.6854628928176998	0.6790067102751352	0.28852786723783397	424.0	429.0	233.0	238.0
1.0	0.03125	0.6404833836858006	0.6374622356495468	0.6435045317220544	0.686843402305565	0.6752007467850694	0.2809718964679227	422.0	426.0	236.0	240.0
2.0	3.0517578125e-05	0.5037764350453172	0.595166163141994	0.4123867069486405	0.47152271337428464	0.4696038578718623	0.007682286344772147	394.0	273.0	389.0	268.0
2.0	6.103515625e-05	0.5037764350453172	0.595166163141994	0.4123867069486405	0.46175646443533747	0.4623122000246606	0.007682286344772147	394.0	273.0	389.0	268.0
2.0	0.0001220703125	0.5037764350453172	0.595166163141994	0.4123867069486405	0.44808143408694706	0.44947494054723286	0.007682286344772147	394.0	273.0	389.0	268.0
2.0	0.000244140625	0.5453172205438066	0.7341389728096677	0.3564954682779456	0.5201212110148684	0.516746051805465	0.0978825383469112	486.0	236.0	426.0	176.0
2.0	0.00048828125	0.5687311178247734	0.8534743202416919	0.283987915407855	0.6470368105438979	0.6225541384712949	0.16722884434803698	565.0	188.0	474.0	97.0
2.0	0.0009765625	0.6246223564954683	0.7507552870090635	0.4984894259818731	0.6728009967050319	0.6691670606706361	0.2575752200205542	497.0	330.0	332.0	165.0
2.0	0.001953125	0.6261329305135952	0.6812688821752266	0.5709969788519638	0.6773030549191774	0.674379505139513	0.2538137549841268	451.0	378.0	284.0	211.0
2.0	0.00390625	0.6329305135951662	0.6419939577039275	0.6238670694864048	0.679077180748624	0.6726989928179699	0.2659047168074533	425.0	413.0	249.0	237.0
2.0	0.0078125	0.6427492447129909	0.6374622356495468	0.648036253776435	0.6821610792161443	0.6749657418369399	0.28551445153750876	422.0	429.0	233.0	240.0
2.0	0.015625	0.6404833836858006	0.6344410876132931	0.6465256797583081	0.6846619691313515	0.6741648205558607	0.28098728544243684	420.0	428.0	234.0	242.0
2.0	0.03125	0.6427492447129909	0.6314199395770392	0.6540785498489426	0.6857640948877795	0.6714169433054608	0.28557180692243916	418.0	433.0	229.0	244.0
4.0	3.0517578125e-05	0.5037764350453172	0.595166163141994	0.4123867069486405	0.4759700075756884	0.4703775934850855	0.007682286344772147	394.0	273.0	389.0	268.0
4.0	6.103515625e-05	0.5037764350453172	0.595166163141994	0.4123867069486405	0.4758467885470195	0.47245449722258037	0.007682286344772147	394.0	273.0	389.0	268.0
4.0	0.0001220703125	0.5430513595166163	0.7371601208459214	0.34894259818731116	0.4997216162685627	0.5317509846395942	0.093430696923196	488.0	231.0	431.0	174.0
4.0	0.000244140625	0.56797583081571	0.850453172205438	0.2854984894259819	0.6571407708947526	0.6394275083532088	0.16476554068640506	563.0	189.0	473.0	99.0
4.0	0.00048828125	0.6253776435045317	0.7477341389728097	0.5030211480362538	0.671566524584478	0.6681744856519612	0.2586184354326487	495.0	333.0	329.0	167.0
4.0	0.0009765625	0.6261329305135952	0.6797583081570997	0.5725075528700906	0.6753749053038947	0.670608341463794	0.2537293713179199	450.0	379.0	283.0	212.0
4.0	0.001953125	0.6329305135951662	0.6404833836858006	0.6253776435045317	0.6803253438723633	0.6741441367018076	0.26589136491710624	424.0	414.0	248.0	238.0
4.0	0.00390625	0.648036253776435	0.6374622356495468	0.6586102719033232	0.6799773642080668	0.6733200257523181	0.2961387374200071	422.0	436.0	226.0	240.0
4.0	0.0078125	0.6457703927492447	0.6419939577039275	0.649546827794562	0.6820606785261178	0.6748039841904924	0.29154910144974844	425.0	430.0	232.0	237.0
4.0	0.015625	0.6412386706948641	0.6253776435045317	0.6570996978851964	0.6850829674793038	0.6720257519654671	0.28261957562841217	414.0	435.0	227.0	248.0
4.0	0.03125	0.6397280966767371	0.6404833836858006	0.6389728096676737	0.678963089055412	0.6613973698794934	0.27945651219032275	424.0	423.0	239.0	238.0
8.0	3.0517578125e-05	0.5037764350453172	0.595166163141994	0.4123867069486405	0.4698444245671361	0.48492755737929966	0.007682286344772147	394.0	273.0	389.0	268.0
8.0	6.103515625e-05	0.5430513595166163	0.7371601208459214	0.34894259818731116	0.5506338934474859	0.5460560890090227	0.093430696923196	488.0	231.0	431.0	174.0
8.0	0.0001220703125	0.5672205438066465	0.8474320241691843	0.28700906344410876	0.6536415786639407	0.6423283188855252	0.16232796768104843	561.0	190.0	472.0	101.0
8.0	0.000244140625	0.6231117824773413	0.7416918429003021	0.5045317220543807	0.6731615264555818	0.6683000606426104	0.25345447553725353	491.0	334.0	328.0	171.0
8.0	0.00048828125	0.6246223564954683	0.6782477341389728	0.5709969788519638	0.6745762634514105	0.6711514154205784	0.25069069621231604	449.0	378.0	284.0	213.0
8.0	0.0009765625	0.6344410876132931	0.6435045317220544	0.6253776435045317	0.6783184709887643	0.6711925958666041	0.26892636131662895	426.0	414.0	248.0	236.0
8.0	0.001953125	0.6457703927492447	0.6404833836858006	0.6510574018126888	0.6772094997307436	0.6719188487548174	0.2915570854324825	424.0	431.0	231.0	238.0
8.0	0.00390625	0.6450151057401813	0.6359516616314199	0.6540785498489426	0.6805158770000274	0.6720596678107301	0.2900778728808582	421.0	433.0	229.0	241.0
8.0	0.0078125	0.648036253776435	0.6359516616314199	0.6601208459214502	0.6826630826662773	0.668166489814671	0.29615902075626965	421.0	437.0	225.0	241.0
8.0	0.015625	0.6382175226586103	0.6299093655589124	0.6465256797583081	0.6801850110897125	0.6620974261893005	0.2764732153417985	417.0	428.0	234.0	245.0
8.0	0.03125	0.6344410876132931	0.6450151057401813	0.6238670694864048	0.6659623406139046	0.6436902525361019	0.26894232275898605	427.0	413.0	249.0	235.0
16.0	3.0517578125e-05	0.5438066465256798	0.7386706948640483	0.34894259818731116	0.4992698131634431	0.5030957944453854	0.09513567356142608	489.0	231.0	431.0	173.0
16.0	6.103515625e-05	0.5664652567975831	0.8474320241691843	0.2854984894259819	0.6479278666678836	0.6331114326612214	0.1607027852271097	561.0	189.0	473.0	101.0
16.0	0.0001220703125	0.622356495468278	0.7401812688821753	0.5045317220543807	0.6719133633318425	0.6681743011545132	0.2518042780325196	490.0	334.0	328.0	172.0
16.0	0.000244140625	0.6246223564954683	0.676737160120846	0.5725075528700906	0.6763230072744864	0.6724817407066748	0.2506097187188275	448.0	379.0	283.0	214.0
16.0	0.00048828125	0.6351963746223565	0.6450151057401813	0.6253776435045317	0.6787611467584268	0.6727538803860109	0.2704449000959375	427.0	414.0	248.0	235.0
16.0	0.0009765625	0.6435045317220544	0.6419939577039275	0.6450151057401813	0.6762465658400343	0.669143829479826	0.2870103732670758	425.0	427.0	235.0	237.0
16.0	0.001953125	0.6419939577039275	0.6329305135951662	0.6510574018126888	0.6781267969441681	0.671453232170946	0.28403458386250696	419.0	431.0	231.0	243.0
16.0	0.00390625	0.6487915407854985	0.6389728096676737	0.6586102719033232	0.6787497375891056	0.6656755800552874	0.2976404766418977	423.0	436.0	226.0	239.0
16.0	0.0078125	0.6427492447129909	0.6283987915407855	0.6570996978851964	0.6807737242266865	0.6628299471386202	0.28561615067476614	416.0	435.0	227.0	246.0
16.0	0.015625	0.6329305135951662	0.6374622356495468	0.6283987915407855	0.6697479029946787	0.6489529287382767	0.265871947575647	422.0	416.0	246.0	240.0
16.0	0.03125	0.6117824773413897	0.6253776435045317	0.5981873111782477	0.6357816650085341	0.6163501179133257	0.22364764290471734	414.0	396.0	266.0	248.0
32.0	3.0517578125e-05	0.5672205438066465	0.8474320241691843	0.28700906344410876	0.6503066784713539	0.6371458980664009	0.16232796768104843	561.0	190.0	472.0	101.0
32.0	6.103515625e-05	0.622356495468278	0.7401812688821753	0.5045317220543807	0.6723412071813875	0.6662055915404534	0.2518042780325196	490.0	334.0	328.0	172.0
32.0	0.0001220703125	0.6246223564954683	0.676737160120846	0.5725075528700906	0.6759293909329049	0.6723614768383481	0.2506097187188275	448.0	379.0	283.0	214.0
32.0	0.000244140625	0.6344410876132931	0.6450151057401813	0.6238670694864048	0.6790748989147599	0.6720561899914901	0.26894232275898605	427.0	413.0	249.0	235.0
32.0	0.00048828125	0.6419939577039275	0.6404833836858006	0.6435045317220544	0.6762545522585591	0.6693690467083699	0.2839892114432118	424.0	426.0	236.0	238.0
32.0	0.0009765625	0.6404833836858006	0.6329305135951662	0.648036253776435	0.6744895537645695	0.6672355740532823	0.2809988288328509	419.0	429.0	233.0	243.0
32.0	0.001953125	0.648036253776435	0.6344410876132931	0.6616314199395771	0.6775312383056016	0.6660883594627761	0.2961820135765175	420.0	438.0	224.0	242.0
32.0	0.00390625	0.6465256797583081	0.6253776435045317	0.6676737160120846	0.6806801690382527	0.664380477689651	0.29331383999434285	414.0	442.0	220.0	248.0
32.0	0.0078125	0.6329305135951662	0.6314199395770392	0.6344410876132931	0.6705511085148913	0.6520541041262489	0.2658622405000281	418.0	420.0	242.0	244.0
32.0	0.015625	0.6268882175226587	0.6389728096676737	0.6148036253776435	0.648967241993045	0.6218421933770524	0.2538505892196597	423.0	407.0	255.0	239.0
32.0	0.03125	0.6034743202416919	0.6178247734138973	0.5891238670694864	0.6250444957603527	0.6048761041752839	0.20703392932509504	409.0	390.0	272.0	253.0
64.0	3.0517578125e-05	0.622356495468278	0.7401812688821753	0.5045317220543807	0.671471828479112	0.6654876805004692	0.2518042780325196	490.0	334.0	328.0	172.0
64.0	6.103515625e-05	0.6246223564954683	0.676737160120846	0.5725075528700906	0.6768113197214337	0.674097660144537	0.2506097187188275	448.0	379.0	283.0	214.0
64.0	0.0001220703125	0.6344410876132931	0.6450151057401813	0.6238670694864048	0.6789482571352945	0.6732980064648423	0.26894232275898605	427.0	413.0	249.0	235.0
64.0	0.000244140625	0.6419939577039275	0.6404833836858006	0.6435045317220544	0.6760001277826964	0.6692242072577487	0.2839892114432118	424.0	426.0	236.0	238.0
64.0	0.00048828125	0.6404833836858006	0.6299093655589124	0.6510574018126888	0.6738232582762114	0.6671545924987623	0.2810296181638843	417.0	431.0	231.0	245.0
64.0	0.0009765625	0.6450151057401813	0.6374622356495468	0.6525679758308157	0.6752585317768184	0.6634692745363491	0.2900633071822977	422.0	432.0	230.0	240.0
64.0	0.001953125	0.649546827794562	0.6299093655589124	0.6691842900302115	0.6767314555361853	0.6595506059546833	0.2993246017295046	417.0	443.0	219.0	245.0
64.0	0.00390625	0.6404833836858006	0.6329305135951662	0.648036253776435	0.672089064539389	0.6511148265581734	0.2809988288328509	419.0	429.0	233.0	243.0
64.0	0.0078125	0.6359516616314199	0.6404833836858006	0.6314199395770392	0.6593895181679613	0.629586932674373	0.2719144918387299	424.0	418.0	244.0	238.0
64.0	0.015625	0.6049848942598187	0.6087613293051359	0.6012084592145015	0.6235989540073567	0.6009067715546358	0.20997577772805717	403.0	398.0	264.0	259.0
64.0	0.03125	0.6012084592145015	0.6117824773413897	0.5906344410876133	0.6265573516123437	0.6086533977161387	0.20246219803204568	405.0	391.0	271.0	257.0
128.0	3.0517578125e-05	0.6246223564954683	0.676737160120846	0.5725075528700906	0.6751353127481494	0.6713850742818902	0.2506097187188275	448.0	379.0	283.0	214.0
128.0	6.103515625e-05	0.6344410876132931	0.6465256797583081	0.622356495468278	0.678763428592291	0.6726490953576755	0.2689607433398776	428.0	412.0	250.0	234.0
128.0	0.0001220703125	0.6435045317220544	0.6450151057401813	0.6419939577039275	0.675957913856208	0.6698703784923287	0.2870103732670758	427.0	425.0	237.0	235.0
128.0	0.000244140625	0.6404833836858006	0.6329305135951662	0.648036253776435	0.6729721342448499	0.6654111072888671	0.2809988288328509	419.0	429.0	233.0	243.0
128.0	0.00048828125	0.6435045317220544	0.6374622356495468	0.649546827794562	0.6732436724746945	0.6637350031632865	0.28703002276377954	422.0	430.0	232.0	240.0
128.0	0.0009765625	0.649546827794562	0.6359516616314199	0.6631419939577039	0.6719384635043492	0.6553594202628077	0.29920427902117586	421.0	439.0	223.0	241.0
128.0	0.001953125	0.6374622356495468	0.6178247734138973	0.6570996978851964	0.6713417639488504	0.650787561571395	0.2751367551251002	409.0	435.0	227.0	253.0
128.0	0.00390625	0.6261329305135952	0.620845921450151	0.6314199395770392	0.66247798030321	0.6352558957952458	0.25227996511515327	411.0	418.0	244.0	251.0
128.0	0.0078125	0.6125377643504532	0.6117824773413897	0.6132930513595166	0.6407115670722245	0.610755453783353	0.2250757854938275	405.0	406.0	256.0	257.0
128.0	0.015625	0.5883685800604229	0.5981873111782477	0.5785498489425982	0.6143278630169495	0.5909057846308818	0.17677124754874127	396.0	383.0	279.0	266.0
128.0	0.03125	0.6012084592145015	0.6117824773413897	0.5906344410876133	0.6258283056927191	0.6077210640092556	0.20246219803204568	405.0	391.0	271.0	257.0
256.0	3.0517578125e-05	0.6336858006042296	0.6450151057401813	0.622356495468278	0.6772174861492685	0.6706226765596146	0.26744026362577633	427.0	412.0	250.0	235.0
256.0	6.103515625e-05	0.6427492447129909	0.6450151057401813	0.6404833836858006	0.6758654995847062	0.6693053360493597	0.2855014210416819	427.0	424.0	238.0	235.0
256.0	0.0001220703125	0.6404833836858006	0.6344410876132931	0.6465256797583081	0.6717764532999881	0.6630781530877301	0.28098728544243684	420.0	428.0	234.0	242.0
256.0	0.000244140625	0.6435045317220544	0.6359516616314199	0.6510574018126888	0.6723092615072881	0.6613128778439699	0.2870418143991488	421.0	431.0	231.0	241.0
256.0	0.00048828125	0.648036253776435	0.6374622356495468	0.6586102719033232	0.6714820967315012	0.658018475197376	0.2961387374200071	422.0	436.0	226.0	240.0
256.0	0.0009765625	0.648036253776435	0.6329305135951662	0.6631419939577039	0.6689812068162941	0.6493875437151633	0.29620771777289195	419.0	439.0	223.0	243.0
256.0	0.001953125	0.6306646525679759	0.6238670694864048	0.6374622356495468	0.6630575661047271	0.6384159119056301	0.26135345904160784	413.0	422.0	240.0	249.0
256.0	0.00390625	0.622356495468278	0.620845921450151	0.6238670694864048	0.6493277717435948	0.6256229396035737	0.2447141077329804	411.0	413.0	249.0	251.0
256.0	0.0078125	0.5929003021148036	0.5891238670694864	0.5966767371601208	0.615711795255611	0.5898371882964607	0.18580590403274125	390.0	395.0	267.0	272.0
256.0	0.015625	0.5898791540785498	0.5981873111782477	0.581570996978852	0.6140551838701727	0.5919984331711773	0.17978312910204383	396.0	385.0	277.0	266.0
256.0	0.03125	0.6012084592145015	0.6117824773413897	0.5906344410876133	0.6257860917662307	0.6042899964905506	0.20246219803204568	405.0	391.0	271.0	257.0
512.0	3.0517578125e-05	0.6427492447129909	0.6435045317220544	0.6419939577039275	0.676149587900804	0.6701637625003394	0.28549881515659997	426.0	425.0	237.0	236.0
512.0	6.103515625e-05	0.6412386706948641	0.6359516616314199	0.6465256797583081	0.6716463887697265	0.6638017896490529	0.2824931345900219	421.0	428.0	234.0	241.0
512.0	0.0001220703125	0.6427492447129909	0.6374622356495468	0.648036253776435	0.6706823139620851	0.660628892542318	0.28551445153750876	422.0	429.0	233.0	240.0
512.0	0.000244140625	0.6412386706948641	0.6268882175226587	0.6555891238670695	0.6701460830039887	0.6565352860856786	0.28259375754593263	415.0	434.0	228.0	247.0
512.0	0.00048828125	0.648036253776435	0.6359516616314199	0.6601208459214502	0.6686754410784859	0.6474439712613047	0.29615902075626965	421.0	437.0	225.0	241.0
512.0	0.0009765625	0.6261329305135952	0.6102719033232629	0.6419939577039275	0.6627426730314618	0.6337332683587269	0.2523928830478333	404.0	425.0	237.0	258.0
512.0	0.001953125	0.6299093655589124	0.6299093655589124	0.6299093655589124	0.6551715482699136	0.6282224094962516	0.2598187311178248	417.0	417.0	245.0	245.0
512.0	0.00390625	0.5996978851963746	0.6027190332326284	0.5966767371601208	0.6279515521033944	0.5999382091609068	0.1993994103965903	399.0	395.0	267.0	263.0
512.0	0.0078125	0.5823262839879154	0.5800604229607251	0.5845921450151057	0.6089016620877867	0.5839577227419891	0.16465425869599645	384.0	387.0	275.0	278.0
512.0	0.015625	0.5898791540785498	0.5981873111782477	0.581570996978852	0.6152828104891339	0.5940006334718586	0.17978312910204383	396.0	385.0	277.0	266.0
512.0	0.03125	0.6012084592145015	0.6117824773413897	0.5906344410876133	0.624989731747611	0.6052584425042873	0.20246219803204568	405.0	391.0	271.0	257.0
1024.0	3.0517578125e-05	0.6412386706948641	0.6374622356495468	0.6450151057401813	0.6715870610892563	0.6636217328238221	0.282485398814005	422.0	427.0	235.0	240.0
1024.0	6.103515625e-05	0.6404833836858006	0.6359516616314199	0.6450151057401813	0.669330327397523	0.6585869371884726	0.28097830823335423	421.0	427.0	235.0	241.0
1024.0	0.0001220703125	0.6412386706948641	0.6268882175226587	0.6555891238670695	0.667155739724902	0.6521010566290385	0.28259375754593263	415.0	434.0	228.0	247.0
1024.0	0.000244140625	0.6510574018126888	0.6359516616314199	0.6661631419939577	0.6662817973548981	0.6448461049425938	0.3022527732376448	421.0	441.0	221.0	241.0
1024.0	0.00048828125	0.6336858006042296	0.6132930513595166	0.6540785498489426	0.6619520175975029	0.6364082454917493	0.2675942595996876	406.0	433.0	229.0	256.0
1024.0	0.0009765625	0.629154078549849	0.6268882175226587	0.6314199395770392	0.6550403428227197	0.6275736239118248	0.2583108095139027	415.0	418.0	244.0	247.0
1024.0	0.001953125	0.6095166163141994	0.5996978851963746	0.6193353474320241	0.6412706163689634	0.6103833201440871	0.21907547773134603	397.0	410.0	252.0	265.0
1024.0	0.00390625	0.5793051359516617	0.5740181268882175	0.5845921450151057	0.6098600323107676	0.5851576486704219	0.15861913974306044	380.0	387.0	275.0	282.0
1024.0	0.0078125	0.5830815709969789	0.5800604229607251	0.5861027190332326	0.6088138114840135	0.5838986945085076	0.1661661753304919	384.0	388.0	274.0	278.0
1024.0	0.015625	0.5898791540785498	0.5981873111782477	0.581570996978852	0.6150226814286105	0.5963511142423575	0.17978312910204383	396.0	385.0	277.0	266.0
1024.0	0.03125	0.6012084592145015	0.6117824773413897	0.5906344410876133	0.6260325298235686	0.6066681211632893	0.20246219803204568	405.0	391.0	271.0	257.0
2048.0	3.0517578125e-05	0.6389728096676737	0.6359516616314199	0.6419939577039275	0.6708420423325818	0.6602142359359395	0.2779506932800956	421.0	425.0	237.0	241.0
2048.0	6.103515625e-05	0.6419939577039275	0.6299093655589124	0.6540785498489426	0.6670850028751107	0.6512579788709267	0.2840708974600954	417.0	433.0	229.0	245.0
2048.0	0.0001220703125	0.6457703927492447	0.6314199395770392	0.6601208459214502	0.665053029819005	0.6404774936211253	0.29166093693243317	418.0	437.0	225.0	244.0
2048.0	0.000244140625	0.6321752265861027	0.6163141993957704	0.648036253776435	0.6617569208021103	0.6345042727679766	0.26448356008006485	408.0	429.0	233.0	254.0
2048.0	0.00048828125	0.620845921450151	0.6178247734138973	0.6238670694864048	0.6527345497029051	0.6271391237890611	0.24169625502617006	409.0	413.0	249.0	253.0
2048.0	0.0009765625	0.6193353474320241	0.6193353474320241	0.6193353474320241	0.6462564233623278	0.6184350433523551	0.23867069486404835	410.0	410.0	252.0	252.0
2048.0	0.001953125	0.5868580060422961	0.5800604229607251	0.5936555891238671	0.6187203932056115	0.5916240910309715	0.17373206814904568	384.0	393.0	269.0	278.0
2048.0	0.00390625	0.5823262839879154	0.5770392749244713	0.5876132930513596	0.6043859128704557	0.5792441791878769	0.16466177363803416	382.0	389.0	273.0	280.0
2048.0	0.0078125	0.5830815709969789	0.5800604229607251	0.5861027190332326	0.6088811255830086	0.5842219879320459	0.1661661753304919	384.0	388.0	274.0	278.0
2048.0	0.015625	0.5898791540785498	0.5981873111782477	0.581570996978852	0.615055768019642	0.5950471651211191	0.17978312910204383	396.0	385.0	277.0	266.0
2048.0	0.03125	0.6012084592145015	0.6117824773413897	0.5906344410876133	0.6251791239583427	0.6022981955043725	0.20246219803204568	405.0	391.0	271.0	257.0
4096.0	3.0517578125e-05	0.6412386706948641	0.6314199395770392	0.6510574018126888	0.6663411250353685	0.6522923887532804	0.28253182300525315	418.0	431.0	231.0	244.0
4096.0	6.103515625e-05	0.648036253776435	0.6299093655589124	0.6661631419939577	0.6628887103987733	0.6413929436066664	0.29626726898333944	417.0	441.0	221.0	245.0
4096.0	0.0001220703125	0.6344410876132931	0.6148036253776435	0.6540785498489426	0.6595047507781053	0.6317927313625191	0.2690897934739991	407.0	433.0	229.0	255.0
4096.0	0.000244140625	0.6170694864048338	0.6102719033232629	0.6238670694864048	0.6504800978450361	0.6237548500923793	0.23416061359219198	404.0	413.0	249.0	258.0
4096.0	0.00048828125	0.6216012084592145	0.6102719033232629	0.6329305135951662	0.6458799207747283	0.616433013933692	0.24326487256355928	404.0	419.0	243.0	258.0
4096.0	0.0009765625	0.5959214501510574	0.5936555891238671	0.5981873111782477	0.6316435592957348	0.6011220637167345	0.1918448702237757	393.0	396.0	266.0	269.0
4096.0	0.001953125	0.5755287009063444	0.5634441087613293	0.5876132930513596	0.6067704292585865	0.5815043156211379	0.1511015412021784	373.0	389.0	273.0	289.0
4096.0	0.00390625	0.5823262839879154	0.5770392749244713	0.5876132930513596	0.6064920455271493	0.5797533679782134	0.16466177363803416	382.0	389.0	273.0	280.0
4096.0	0.0078125	0.5830815709969789	0.5800604229607251	0.5861027190332326	0.609160650231378	0.5849522562474978	0.1661661753304919	384.0	388.0	274.0	278.0
4096.0	0.015625	0.5898791540785498	0.5981873111782477	0.581570996978852	0.6150477816011173	0.5932456831516064	0.17978312910204383	396.0	385.0	277.0	266.0
4096.0	0.03125	0.6012084592145015	0.6117824773413897	0.5906344410876133	0.6257758235138415	0.6119031147806155	0.20246219803204568	405.0	391.0	271.0	257.0
8192.0	3.0517578125e-05	0.6472809667673716	0.6299093655589124	0.6646525679758308	0.6622110057410939	0.6397273026405565	0.2947398760444331	417.0	440.0	222.0	245.0
8192.0	6.103515625e-05	0.6359516616314199	0.6148036253776435	0.6570996978851964	0.658094577450005	0.6252895265034946	0.2721468618504212	407.0	435.0	227.0	255.0
8192.0	0.0001220703125	0.6155589123867069	0.6072507552870091	0.6238670694864048	0.6496266919798104	0.6217331030644615	0.2311497374169135	402.0	413.0	249.0	260.0
8192.0	0.000244140625	0.6087613293051359	0.6012084592145015	0.6163141993957704	0.6464503792407883	0.6154160259449908	0.21754748038672328	398.0	408.0	254.0	264.0
8192.0	0.00048828125	0.6064954682779456	0.6042296072507553	0.6087613293051359	0.6340006936774948	0.6029651099356741	0.21299312363427064	400.0	403.0	259.0	262.0
8192.0	0.0009765625	0.5883685800604229	0.5785498489425982	0.5981873111782477	0.6108446436231869	0.5799171554184905	0.17677124754874127	383.0	396.0	266.0	279.0
8192.0	0.001953125	0.5725075528700906	0.5574018126888217	0.5876132930513596	0.6027293014850175	0.5806348273348206	0.14508133115406951	369.0	389.0	273.0	293.0
8192.0	0.00390625	0.5823262839879154	0.5770392749244713	0.5876132930513596	0.6061588977829703	0.5839231369294035	0.16466177363803416	382.0	389.0	273.0	280.0
8192.0	0.0078125	0.5830815709969789	0.5800604229607251	0.5861027190332326	0.6088948165861939	0.5868907659744929	0.1661661753304919	384.0	388.0	274.0	278.0
8192.0	0.015625	0.5898791540785498	0.5981873111782477	0.581570996978852	0.6149165761539235	0.5941700704668226	0.17978312910204383	396.0	385.0	277.0	266.0
8192.0	0.03125	0.6012084592145015	0.6117824773413897	0.5906344410876133	0.6264090324111682	0.606069997160005	0.20246219803204568	405.0	391.0	271.0	257.0
16384.0	3.0517578125e-05	0.6351963746223565	0.6148036253776435	0.6555891238670695	0.6575982785845329	0.6283159048405791	0.27061792354996655	407.0	434.0	228.0	255.0
16384.0	6.103515625e-05	0.6117824773413897	0.6012084592145015	0.622356495468278	0.6472878122689643	0.622651282649421	0.22361496499061762	398.0	412.0	250.0	264.0
16384.0	0.0001220703125	0.6117824773413897	0.6057401812688822	0.6178247734138973	0.6454475132574548	0.6146698615700901	0.2235812808896809	401.0	409.0	253.0	261.0
16384.0	0.000244140625	0.6117824773413897	0.6102719033232629	0.6132930513595166	0.6373538485409954	0.6077594914299878	0.22356597496593272	404.0	406.0	256.0	258.0
16384.0	0.00048828125	0.5898791540785498	0.5876132930513596	0.5921450151057401	0.6202161353036209	0.5869505948054807	0.17976015398920714	389.0	392.0	270.0	273.0
16384.0	0.0009765625	0.581570996978852	0.5664652567975831	0.5966767371601208	0.6019146867954839	0.5728948661312518	0.1632164975483282	375.0	395.0	267.0	287.0
16384.0	0.001953125	0.5725075528700906	0.5574018126888217	0.5876132930513596	0.6045262456531065	0.5770036251658925	0.14508133115406951	369.0	389.0	273.0	293.0
16384.0	0.00390625	0.5823262839879154	0.5770392749244713	0.5876132930513596	0.6062570166391325	0.5827658448085307	0.16466177363803416	382.0	389.0	273.0	280.0
16384.0	0.0078125	0.5830815709969789	0.5800604229607251	0.5861027190332326	0.6097014448572029	0.5825670975885203	0.1661661753304919	384.0	388.0	274.0	278.0
16384.0	0.015625	0.5898791540785498	0.5981873111782477	0.581570996978852	0.6152725422367449	0.5936646026390431	0.17978312910204383	396.0	385.0	277.0	266.0
16384.0	0.03125	0.6012084592145015	0.6117824773413897	0.5906344410876133	0.6270411003915628	0.6088748279983233	0.20246219803204568	405.0	391.0	271.0	257.0
32768.0	3.0517578125e-05	0.6110271903323263	0.6012084592145015	0.620845921450151	0.6464378291545348	0.6187624878267403	0.22209720845867492	398.0	411.0	251.0	264.0
32768.0	6.103515625e-05	0.6148036253776435	0.6163141993957704	0.6132930513595166	0.6459597849599767	0.6156403288502353	0.22960829861366064	408.0	406.0	256.0	254.0
32768.0	0.0001220703125	0.6057401812688822	0.6012084592145015	0.6102719033232629	0.6381832951506466	0.6051120860034161	0.21148904920790101	398.0	404.0	258.0	264.0
32768.0	0.000244140625	0.5989425981873112	0.5966767371601208	0.6012084592145015	0.6225584377652632	0.586080183288697	0.19788722834105996	395.0	398.0	264.0	267.0
32768.0	0.00048828125	0.5891238670694864	0.5800604229607251	0.5981873111782477	0.6018382453610317	0.5744147082048332	0.17827702604136075	384.0	396.0	266.0	278.0
32768.0	0.0009765625	0.5876132930513596	0.5725075528700906	0.6027190332326284	0.6006334370807129	0.5736233320538686	0.175306608477834	379.0	399.0	263.0	283.0
32768.0	0.001953125	0.5725075528700906	0.5574018126888217	0.5876132930513596	0.6048571115634213	0.5774648525324768	0.14508133115406951	369.0	389.0	273.0	293.0
32768.0	0.00390625	0.5823262839879154	0.5770392749244713	0.5876132930513596	0.6049381166656018	0.5836443618505439	0.16466177363803416	382.0	389.0	273.0	280.0
32768.0	0.0078125	0.5830815709969789	0.5800604229607251	0.5861027190332326	0.6092439371674228	0.584633862126407	0.1661661753304919	384.0	388.0	274.0	278.0
32768.0	0.015625	0.5898791540785498	0.5981873111782477	0.581570996978852	0.6152828104891339	0.594565046914187	0.17978312910204383	396.0	385.0	277.0	266.0
32768.0	0.03125	0.6012084592145015	0.6117824773413897	0.5906344410876133	0.6256640136544938	0.6080284799623366	0.20246219803204568	405.0	391.0	271.0	257.0
