c	gamma	ACC	Sn	Sp	AUC	AP	MCC	TP	TN	FP	FN
0.03125	3.0517578125e-05	0.676595744680851	0.676595744680851	0.676595744680851	0.27587143503847894	0.399732963986117	0.35319148936170214	159.0	159.0	76.0	76.0
0.03125	6.103515625e-05	0.676595744680851	0.676595744680851	0.676595744680851	0.275817111815301	0.3997038372682866	0.35319148936170214	159.0	159.0	76.0	76.0
0.03125	0.0001220703125	0.676595744680851	0.676595744680851	0.676595744680851	0.5	0.5	0.35319148936170214	159.0	159.0	76.0	76.0
0.03125	0.000244140625	0.676595744680851	0.676595744680851	0.676595744680851	0.5	0.5	0.35319148936170214	159.0	159.0	76.0	76.0
0.03125	0.00048828125	0.674468085106383	0.6808510638297872	0.6680851063829787	0.5260479855138072	0.5142246425117193	0.3489646066947002	160.0	157.0	78.0	75.0
0.03125	0.0009765625	0.674468085106383	0.6808510638297872	0.6680851063829787	0.7030873698506112	0.6760461643986586	0.3489646066947002	160.0	157.0	78.0	75.0
0.03125	0.001953125	0.6808510638297872	0.7063829787234043	0.6553191489361702	0.7254775916704391	0.7411891393764773	0.3621746237006205	166.0	154.0	81.0	69.0
0.03125	0.00390625	0.6936170212765957	0.7021276595744681	0.6851063829787234	0.7459483929379809	0.7647277406190542	0.3872901502154573	165.0	161.0	74.0	70.0
0.03125	0.0078125	0.7042553191489361	0.6978723404255319	0.7106382978723405	0.7789406971480308	0.800340320041728	0.4085439297889173	164.0	167.0	68.0	71.0
0.03125	0.015625	0.7468085106382979	0.723404255319149	0.7702127659574468	0.8054504300588502	0.827380406435858	0.4941586780284728	170.0	181.0	54.0	65.0
0.03125	0.03125	0.7723404255319148	0.7446808510638298	0.8	0.8300226346763241	0.8488488334810176	0.545516187194419	175.0	188.0	47.0	60.0
0.0625	3.0517578125e-05	0.676595744680851	0.676595744680851	0.676595744680851	0.5	0.5	0.35319148936170214	159.0	159.0	76.0	76.0
0.0625	6.103515625e-05	0.676595744680851	0.676595744680851	0.676595744680851	0.275817111815301	0.3997038372682866	0.35319148936170214	159.0	159.0	76.0	76.0
0.0625	0.0001220703125	0.676595744680851	0.676595744680851	0.676595744680851	0.5	0.5	0.35319148936170214	159.0	159.0	76.0	76.0
0.0625	0.000244140625	0.676595744680851	0.676595744680851	0.676595744680851	0.7238116794929832	0.7317057196822845	0.35319148936170214	159.0	159.0	76.0	76.0
0.0625	0.00048828125	0.674468085106383	0.6808510638297872	0.6680851063829787	0.7252784065187868	0.7403909474797865	0.3489646066947002	160.0	157.0	78.0	75.0
0.0625	0.0009765625	0.674468085106383	0.7063829787234043	0.6425531914893617	0.7250882752376641	0.7408333386414127	0.3496491748232011	166.0	151.0	84.0	69.0
0.0625	0.001953125	0.6936170212765957	0.7021276595744681	0.6851063829787234	0.746672702580353	0.7659709351645496	0.3872901502154573	165.0	161.0	74.0	70.0
0.0625	0.00390625	0.7085106382978723	0.7106382978723405	0.7063829787234043	0.7814214576731553	0.8051241700200052	0.4170250523036683	167.0	166.0	69.0	68.0
0.0625	0.0078125	0.7553191489361702	0.7319148936170212	0.7787234042553192	0.8095427795382527	0.8336752144844446	0.5111986324432477	172.0	183.0	52.0	63.0
0.0625	0.015625	0.7829787234042553	0.7617021276595745	0.8042553191489362	0.8287732005432322	0.8520254835179769	0.5664705542999467	179.0	189.0	46.0	56.0
0.0625	0.03125	0.7787234042553192	0.7531914893617021	0.8042553191489362	0.8500135808057945	0.8655176595114993	0.5581750082915445	177.0	189.0	46.0	58.0
0.125	3.0517578125e-05	0.676595744680851	0.676595744680851	0.676595744680851	0.5	0.5	0.35319148936170214	159.0	159.0	76.0	76.0
0.125	6.103515625e-05	0.676595744680851	0.676595744680851	0.676595744680851	0.5	0.5	0.35319148936170214	159.0	159.0	76.0	76.0
0.125	0.0001220703125	0.676595744680851	0.676595744680851	0.676595744680851	0.502127659574468	0.502127659574468	0.35319148936170214	159.0	159.0	76.0	76.0
0.125	0.000244140625	0.676595744680851	0.676595744680851	0.676595744680851	0.7141330918967859	0.7253130884942902	0.35319148936170214	159.0	159.0	76.0	76.0
0.125	0.00048828125	0.676595744680851	0.7106382978723405	0.6425531914893617	0.7250339520144862	0.7410247725433822	0.3540129705040824	167.0	151.0	84.0	68.0
0.125	0.0009765625	0.6957446808510638	0.7063829787234043	0.6851063829787234	0.7467632412856497	0.7665429967717501	0.39157800414902433	166.0	161.0	74.0	69.0
0.125	0.001953125	0.7148936170212766	0.723404255319149	0.7063829787234043	0.782308736985061	0.8069582885592743	0.42984950738199107	170.0	166.0	69.0	65.0
0.125	0.00390625	0.7595744680851064	0.7319148936170212	0.7872340425531915	0.8121140787686736	0.8378551506123828	0.5199451159196805	172.0	185.0	50.0	63.0
0.125	0.0078125	0.776595744680851	0.7574468085106383	0.7957446808510639	0.8291896785875962	0.8547876481139275	0.5535976266396866	178.0	187.0	48.0	57.0
0.125	0.015625	0.7829787234042553	0.7617021276595745	0.8042553191489362	0.8434223630602082	0.8638087016886526	0.5664705542999467	179.0	189.0	46.0	56.0
0.125	0.03125	0.7872340425531915	0.774468085106383	0.8	0.8660932548664554	0.8757569824204414	0.5746554184482934	182.0	188.0	47.0	53.0
0.25	3.0517578125e-05	0.676595744680851	0.676595744680851	0.676595744680851	0.5	0.5	0.35319148936170214	159.0	159.0	76.0	76.0
0.25	6.103515625e-05	0.676595744680851	0.676595744680851	0.676595744680851	0.7242734268899955	0.7401848140691067	0.35319148936170214	159.0	159.0	76.0	76.0
0.25	0.0001220703125	0.676595744680851	0.676595744680851	0.676595744680851	0.7247532820280669	0.7345638008079964	0.35319148936170214	159.0	159.0	76.0	76.0
0.25	0.000244140625	0.674468085106383	0.7148936170212766	0.6340425531914894	0.724753282028067	0.7406459521278462	0.350082271712016	168.0	149.0	86.0	67.0
0.25	0.00048828125	0.6978723404255319	0.7106382978723405	0.6851063829787234	0.7474332277048439	0.767449982187748	0.39587373270882437	167.0	161.0	74.0	68.0
0.25	0.0009765625	0.7148936170212766	0.7276595744680852	0.7021276595744681	0.7835038478949753	0.808833006102643	0.4299273871353899	171.0	165.0	70.0	64.0
0.25	0.001953125	0.7595744680851064	0.7361702127659574	0.7829787234042553	0.8133272974196468	0.8406010047103927	0.5197186096506352	173.0	184.0	51.0	62.0
0.25	0.00390625	0.776595744680851	0.7531914893617021	0.8	0.830104119511091	0.857414078115112	0.553798518480185	177.0	188.0	47.0	58.0
0.25	0.0078125	0.7872340425531915	0.7617021276595745	0.8127659574468085	0.8397193300135807	0.8633609584725505	0.5752185199951031	179.0	191.0	44.0	56.0
0.25	0.015625	0.7893617021276595	0.7702127659574468	0.8085106382978723	0.8568673607967406	0.8711862776392747	0.5791482863307491	181.0	190.0	45.0	54.0
0.25	0.03125	0.7978723404255319	0.7872340425531915	0.8085106382978723	0.880624717066546	0.8854788726654657	0.595879571531124	185.0	190.0	45.0	50.0
0.5	3.0517578125e-05	0.676595744680851	0.676595744680851	0.676595744680851	0.4935264825712992	0.4967790448675515	0.35319148936170214	159.0	159.0	76.0	76.0
0.5	6.103515625e-05	0.676595744680851	0.676595744680851	0.676595744680851	0.7174739701222271	0.70178077487772	0.35319148936170214	159.0	159.0	76.0	76.0
0.5	0.0001220703125	0.674468085106383	0.7148936170212766	0.6340425531914894	0.7249071978270711	0.7410272815724821	0.350082271712016	168.0	149.0	86.0	67.0
0.5	0.000244140625	0.6957446808510638	0.7063829787234043	0.6851063829787234	0.7475961973743774	0.7677161126690405	0.39157800414902433	166.0	161.0	74.0	69.0
0.5	0.00048828125	0.7170212765957447	0.7276595744680852	0.7063829787234043	0.7836487098234495	0.80930180006115	0.43414083068696174	171.0	166.0	69.0	64.0
0.5	0.0009765625	0.7702127659574468	0.7531914893617021	0.7872340425531915	0.813300135808058	0.8412400937606122	0.5407389526966506	177.0	185.0	50.0	58.0
0.5	0.001953125	0.7787234042553192	0.7574468085106383	0.8	0.8302037120869172	0.8584355007197146	0.5579522000999475	178.0	188.0	47.0	57.0
0.5	0.00390625	0.7936170212765957	0.7702127659574468	0.8170212765957446	0.839764599366229	0.8654634676100238	0.5878784273097348	181.0	192.0	43.0	54.0
0.5	0.0078125	0.7914893617021277	0.774468085106383	0.8085106382978723	0.8495789950203713	0.8699683052006824	0.5833168229877255	182.0	190.0	45.0	53.0
0.5	0.015625	0.7936170212765957	0.7829787234042553	0.8042553191489362	0.8714350384789498	0.8793768648198934	0.5873670062235365	184.0	189.0	46.0	51.0
0.5	0.03125	0.8106382978723404	0.8085106382978723	0.8127659574468085	0.8910366681756451	0.8935352080014052	0.6212822207789344	190.0	191.0	44.0	45.0
1.0	3.0517578125e-05	0.676595744680851	0.676595744680851	0.676595744680851	0.718153010411951	0.7273596108470024	0.35319148936170214	159.0	159.0	76.0	76.0
1.0	6.103515625e-05	0.674468085106383	0.7148936170212766	0.6340425531914894	0.724907197827071	0.7408012251182113	0.350082271712016	168.0	149.0	86.0	67.0
1.0	0.0001220703125	0.6957446808510638	0.7063829787234043	0.6851063829787234	0.7477048438207334	0.7678598159428195	0.39157800414902433	166.0	161.0	74.0	69.0
1.0	0.000244140625	0.7148936170212766	0.7276595744680852	0.7021276595744681	0.7837573562698055	0.809468258179577	0.4299273871353899	171.0	165.0	70.0	64.0
1.0	0.00048828125	0.7702127659574468	0.7489361702127659	0.7914893617021277	0.8142145767315527	0.8429104926853089	0.5409154916999491	176.0	186.0	49.0	59.0
1.0	0.0009765625	0.7808510638297872	0.7574468085106383	0.8042553191489362	0.8303666817564509	0.8593177348382299	0.5623184956875725	178.0	189.0	46.0	57.0
1.0	0.001953125	0.7893617021276595	0.7702127659574468	0.8085106382978723	0.8387867813490267	0.8654982460199825	0.5791482863307491	181.0	190.0	45.0	54.0
1.0	0.00390625	0.7893617021276595	0.774468085106383	0.8042553191489362	0.8462924400181078	0.8694999992269011	0.5789803198868654	182.0	189.0	46.0	53.0
1.0	0.0078125	0.7893617021276595	0.7787234042553192	0.8	0.8611951109099141	0.8749150287031485	0.5788544409159491	183.0	188.0	47.0	52.0
1.0	0.015625	0.8	0.8	0.8	0.883820733363513	0.8865632623502573	0.6	188.0	188.0	47.0	47.0
1.0	0.03125	0.823404255319149	0.8212765957446808	0.825531914893617	0.8965957446808511	0.8986919686445779	0.6468143668383427	193.0	194.0	41.0	42.0
2.0	3.0517578125e-05	0.674468085106383	0.7148936170212766	0.6340425531914894	0.7251878678134902	0.7413531320321395	0.350082271712016	168.0	149.0	86.0	67.0
2.0	6.103515625e-05	0.6957446808510638	0.7063829787234043	0.6851063829787234	0.747741059302852	0.7679250729027234	0.39157800414902433	166.0	161.0	74.0	69.0
2.0	0.0001220703125	0.7170212765957447	0.7319148936170212	0.7021276595744681	0.783739248528746	0.8095458329119276	0.434235239915149	172.0	165.0	70.0	63.0
2.0	0.000244140625	0.7702127659574468	0.7489361702127659	0.7914893617021277	0.8142870076957899	0.8431749297729499	0.5409154916999491	176.0	186.0	49.0	59.0
2.0	0.00048828125	0.7808510638297872	0.7617021276595745	0.8	0.8298143956541422	0.8592372512498938	0.5621145132033741	179.0	188.0	47.0	56.0
2.0	0.0009765625	0.7893617021276595	0.7659574468085106	0.8127659574468085	0.8384517881394296	0.8666251655862603	0.5793584501023474	180.0	191.0	44.0	55.0
2.0	0.001953125	0.7893617021276595	0.7659574468085106	0.8127659574468085	0.8446899049343595	0.870449215964126	0.5793584501023474	180.0	191.0	44.0	55.0
2.0	0.00390625	0.7914893617021277	0.7829787234042553	0.8	0.8530828429153463	0.8731011257608581	0.5830631931815127	184.0	188.0	47.0	51.0
2.0	0.0078125	0.7957446808510639	0.7957446808510639	0.7957446808510639	0.8735355364418289	0.8798951057165274	0.5914893617021276	187.0	187.0	48.0	48.0
2.0	0.015625	0.8127659574468085	0.8085106382978723	0.8170212765957446	0.8928927116342237	0.8943195022294251	0.6255545700642048	190.0	192.0	43.0	45.0
2.0	0.03125	0.8319148936170213	0.8382978723404255	0.825531914893617	0.9004798551380716	0.9034426834594937	0.6638838859069905	197.0	194.0	41.0	38.0
4.0	3.0517578125e-05	0.6957446808510638	0.7063829787234043	0.6851063829787234	0.7477048438207334	0.7678869742751996	0.39157800414902433	166.0	161.0	74.0	69.0
4.0	6.103515625e-05	0.7170212765957447	0.7319148936170212	0.7021276595744681	0.7837573562698052	0.8095845558543223	0.434235239915149	172.0	165.0	70.0	63.0
4.0	0.0001220703125	0.7680851063829788	0.7489361702127659	0.7872340425531915	0.8143051154368492	0.8432407799273092	0.5365638535123116	176.0	185.0	50.0	59.0
4.0	0.000244140625	0.7808510638297872	0.7617021276595745	0.8	0.829923042100498	0.8595320949703161	0.5621145132033741	179.0	188.0	47.0	56.0
4.0	0.00048828125	0.7872340425531915	0.7659574468085106	0.8085106382978723	0.8381801720235401	0.866770056364907	0.5749889084999459	180.0	190.0	45.0	55.0
4.0	0.0009765625	0.7872340425531915	0.7617021276595745	0.8127659574468085	0.8431145314622002	0.8702404519681751	0.5752185199951031	179.0	191.0	44.0	56.0
4.0	0.001953125	0.7936170212765957	0.7829787234042553	0.8042553191489362	0.8497238569488457	0.8725720302284914	0.5873670062235365	184.0	189.0	46.0	51.0
4.0	0.00390625	0.7872340425531915	0.7787234042553192	0.7957446808510639	0.8626527840651879	0.8751194440469059	0.5745513217482059	183.0	187.0	48.0	52.0
4.0	0.0078125	0.8021276595744681	0.8085106382978723	0.7957446808510639	0.8848890900860117	0.8871921439267552	0.6043045628127734	190.0	187.0	48.0	45.0
4.0	0.015625	0.825531914893617	0.8297872340425532	0.8212765957446808	0.8974920778632866	0.8990144888795858	0.6510874096586621	195.0	193.0	42.0	40.0
4.0	0.03125	0.825531914893617	0.8297872340425532	0.8212765957446808	0.902363060208239	0.9060602468327643	0.6510874096586621	195.0	193.0	42.0	40.0
8.0	3.0517578125e-05	0.7170212765957447	0.7319148936170212	0.7021276595744681	0.7837754640108647	0.8096391441724621	0.434235239915149	172.0	165.0	70.0	63.0
8.0	6.103515625e-05	0.7659574468085106	0.7489361702127659	0.7829787234042553	0.814440923494794	0.8434983206414326	0.5322233786384357	176.0	184.0	51.0	59.0
8.0	0.0001220703125	0.7808510638297872	0.7617021276595745	0.8	0.8299320959710276	0.859761208904524	0.5621145132033741	179.0	188.0	47.0	56.0
8.0	0.000244140625	0.7851063829787234	0.7617021276595745	0.8085106382978723	0.8380353100950656	0.8667785380325543	0.5708384728949599	179.0	190.0	45.0	56.0
8.0	0.00048828125	0.7829787234042553	0.7531914893617021	0.8127659574468085	0.8418832050701676	0.8697459288071503	0.5669644527572811	177.0	191.0	44.0	58.0
8.0	0.0009765625	0.7936170212765957	0.7872340425531915	0.8	0.8481846989588049	0.8731671640870263	0.5872818990715686	185.0	188.0	47.0	50.0
8.0	0.001953125	0.7936170212765957	0.7914893617021277	0.7957446808510639	0.8545586238116795	0.8727393404058859	0.58723935936639	186.0	187.0	48.0	49.0
8.0	0.00390625	0.7893617021276595	0.7872340425531915	0.7914893617021277	0.87558171118153	0.8816374592544418	0.578728644013254	185.0	186.0	49.0	50.0
8.0	0.0078125	0.8170212765957446	0.8170212765957446	0.8170212765957446	0.8928202806699864	0.8944478792994986	0.6340425531914894	192.0	192.0	43.0	43.0
8.0	0.015625	0.825531914893617	0.8340425531914893	0.8170212765957446	0.9006609325486645	0.904080338951283	0.6511581646479667	196.0	192.0	43.0	39.0
8.0	0.03125	0.8191489361702128	0.825531914893617	0.8127659574468085	0.9027976459936623	0.9073058582914608	0.6383498902951833	194.0	191.0	44.0	41.0
16.0	3.0517578125e-05	0.7659574468085106	0.7489361702127659	0.7829787234042553	0.8144499773653237	0.8435156286315659	0.5322233786384357	176.0	184.0	51.0	59.0
16.0	6.103515625e-05	0.7829787234042553	0.7659574468085106	0.8	0.8299683114531463	0.8599143887896394	0.5662856748712956	180.0	188.0	47.0	55.0
16.0	0.0001220703125	0.7851063829787234	0.7617021276595745	0.8085106382978723	0.8379900407424173	0.8670572103671454	0.5708384728949599	179.0	190.0	45.0	56.0
16.0	0.000244140625	0.7851063829787234	0.7574468085106383	0.8127659574468085	0.8422996831145315	0.8705881497890027	0.5710872584691573	178.0	191.0	44.0	57.0
16.0	0.00048828125	0.7957446808510639	0.7787234042553192	0.8127659574468085	0.8461023087369852	0.8725057784009282	0.5918323970459405	183.0	191.0	44.0	52.0
16.0	0.0009765625	0.7872340425531915	0.7872340425531915	0.7872340425531915	0.8506473517428701	0.8720169680596268	0.574468085106383	185.0	185.0	50.0	50.0
16.0	0.001953125	0.7829787234042553	0.7787234042553192	0.7872340425531915	0.8659665006790405	0.876525808653353	0.5659779443438043	183.0	185.0	50.0	52.0
16.0	0.00390625	0.8042553191489362	0.8170212765957446	0.7914893617021277	0.886337709370756	0.8893906465240189	0.608709072874859	192.0	186.0	49.0	43.0
16.0	0.0078125	0.8191489361702128	0.8212765957446808	0.8170212765957446	0.8980715255771843	0.8996831066468256	0.6383036514852066	193.0	192.0	43.0	42.0
16.0	0.015625	0.8212765957446808	0.8297872340425532	0.8127659574468085	0.9018017202354006	0.9048063578791194	0.6426462932146599	195.0	191.0	44.0	40.0
16.0	0.03125	0.8170212765957446	0.8212765957446808	0.8127659574468085	0.9031779085559077	0.9063920975423083	0.6340655165956905	193.0	191.0	44.0	42.0
32.0	3.0517578125e-05	0.7829787234042553	0.7659574468085106	0.8	0.8300045269352649	0.859916133525243	0.5662856748712956	180.0	188.0	47.0	55.0
32.0	6.103515625e-05	0.7851063829787234	0.7617021276595745	0.8085106382978723	0.8381167949298325	0.8670979877044855	0.5708384728949599	179.0	190.0	45.0	56.0
32.0	0.0001220703125	0.7893617021276595	0.7659574468085106	0.8127659574468085	0.842000905387053	0.8705392382554135	0.5793584501023474	180.0	191.0	44.0	55.0
32.0	0.000244140625	0.7957446808510639	0.7787234042553192	0.8127659574468085	0.8457944771389769	0.8726004922376633	0.5918323970459405	183.0	191.0	44.0	52.0
32.0	0.00048828125	0.7957446808510639	0.7914893617021277	0.8	0.8488184698958805	0.872724939288308	0.5915107839382616	186.0	188.0	47.0	49.0
32.0	0.0009765625	0.7893617021276595	0.7872340425531915	0.7914893617021277	0.8573291081937529	0.8737328707220463	0.578728644013254	185.0	186.0	49.0	50.0
32.0	0.001953125	0.7893617021276595	0.7914893617021277	0.7872340425531915	0.8772566772295155	0.8838823953466757	0.578728644013254	186.0	185.0	50.0	49.0
32.0	0.00390625	0.8191489361702128	0.8212765957446808	0.8170212765957446	0.8926029877772746	0.8950309121298345	0.6383036514852066	193.0	192.0	43.0	42.0
32.0	0.0078125	0.825531914893617	0.8297872340425532	0.8212765957446808	0.9003349932095971	0.9039711974719695	0.6510874096586621	195.0	193.0	42.0	40.0
32.0	0.015625	0.8170212765957446	0.825531914893617	0.8085106382978723	0.901946582163875	0.9053245144039126	0.6341344217813532	194.0	190.0	45.0	41.0
32.0	0.03125	0.8127659574468085	0.8382978723404255	0.7872340425531915	0.8996106835672251	0.9036594681875575	0.6263490551057789	197.0	185.0	50.0	38.0
64.0	3.0517578125e-05	0.7851063829787234	0.7617021276595745	0.8085106382978723	0.8379357175192395	0.8670241943662447	0.5708384728949599	179.0	190.0	45.0	56.0
64.0	6.103515625e-05	0.7936170212765957	0.774468085106383	0.8127659574468085	0.8417021276595745	0.870325001874286	0.5876651728944365	182.0	191.0	44.0	53.0
64.0	0.0001220703125	0.7957446808510639	0.7787234042553192	0.8127659574468085	0.8459031235853327	0.8731827154986891	0.5918323970459405	183.0	191.0	44.0	52.0
64.0	0.000244140625	0.7957446808510639	0.7829787234042553	0.8085106382978723	0.847451335445903	0.8726758640740689	0.5916822456615762	184.0	190.0	45.0	51.0
64.0	0.00048828125	0.7872340425531915	0.7872340425531915	0.7872340425531915	0.8534540516070621	0.873550434861732	0.574468085106383	185.0	185.0	50.0	50.0
64.0	0.0009765625	0.7787234042553192	0.7872340425531915	0.7702127659574468	0.8683567224988682	0.8801458780166059	0.5575275788815924	185.0	181.0	54.0	50.0
64.0	0.001953125	0.8106382978723404	0.8212765957446808	0.8	0.88441828881847	0.8887638299855299	0.6214172674538865	193.0	188.0	47.0	42.0
64.0	0.00390625	0.8276595744680851	0.8382978723404255	0.8170212765957446	0.8975101856043458	0.9008312761596771	0.6554675286842364	197.0	192.0	43.0	38.0
64.0	0.0078125	0.8212765957446808	0.8340425531914893	0.8085106382978723	0.9007424173834314	0.9035013961412852	0.6427627273014245	196.0	190.0	45.0	39.0
64.0	0.015625	0.823404255319149	0.8340425531914893	0.8127659574468085	0.9013671344499774	0.9034646627616902	0.6469549633766489	196.0	191.0	44.0	39.0
64.0	0.03125	0.8148936170212766	0.8382978723404255	0.7914893617021277	0.8944499773653237	0.8980727854518824	0.6304783133466721	197.0	186.0	49.0	38.0
128.0	3.0517578125e-05	0.7936170212765957	0.774468085106383	0.8127659574468085	0.8416478044363966	0.8701916361801121	0.5876651728944365	182.0	191.0	44.0	53.0
128.0	6.103515625e-05	0.7936170212765957	0.7787234042553192	0.8085106382978723	0.8456405613399729	0.8730357294834812	0.5874947363557899	183.0	190.0	45.0	52.0
128.0	0.0001220703125	0.7936170212765957	0.7787234042553192	0.8085106382978723	0.846283386147578	0.8716662118654399	0.5874947363557899	183.0	190.0	45.0	52.0
128.0	0.000244140625	0.7808510638297872	0.7702127659574468	0.7914893617021277	0.8509732910819375	0.873823725528307	0.5618293103007741	181.0	186.0	49.0	54.0
128.0	0.00048828125	0.7851063829787234	0.7829787234042553	0.7872340425531915	0.8609506564056135	0.878633166359209	0.5702179286601179	184.0	185.0	50.0	51.0
128.0	0.0009765625	0.7936170212765957	0.7957446808510639	0.7914893617021277	0.8774196468990494	0.8836835838648852	0.58723935936639	187.0	186.0	49.0	48.0
128.0	0.001953125	0.8106382978723404	0.8212765957446808	0.8	0.8930194658216387	0.8958035639940054	0.6214172674538865	193.0	188.0	47.0	42.0
128.0	0.00390625	0.8319148936170213	0.8382978723404255	0.825531914893617	0.8997102761430511	0.90360236521914	0.6638838859069905	197.0	194.0	41.0	38.0
128.0	0.0078125	0.823404255319149	0.8382978723404255	0.8085106382978723	0.9015482118605704	0.9043421810305858	0.6470956516382613	197.0	190.0	45.0	38.0
128.0	0.015625	0.8127659574468085	0.825531914893617	0.8	0.8971118153010412	0.9008222466280493	0.6257359000881417	194.0	188.0	47.0	41.0
128.0	0.03125	0.8063829787234043	0.8297872340425532	0.7829787234042553	0.8896785875961973	0.8946282159954715	0.6134383589318972	195.0	184.0	51.0	40.0
256.0	3.0517578125e-05	0.7936170212765957	0.7787234042553192	0.8085106382978723	0.8451607062019015	0.8727188000348267	0.5874947363557899	183.0	190.0	45.0	52.0
256.0	6.103515625e-05	0.7936170212765957	0.7787234042553192	0.8085106382978723	0.8456315074694433	0.8710454617626927	0.5874947363557899	183.0	190.0	45.0	52.0
256.0	0.0001220703125	0.7851063829787234	0.7787234042553192	0.7914893617021277	0.8496152105024897	0.8738247447966616	0.5702592353303637	183.0	186.0	49.0	52.0
256.0	0.000244140625	0.7872340425531915	0.7829787234042553	0.7914893617021277	0.8567406066093255	0.8776957247987853	0.5744888908752901	184.0	186.0	49.0	51.0
256.0	0.00048828125	0.7893617021276595	0.7872340425531915	0.7914893617021277	0.8713535536441829	0.882460403954567	0.578728644013254	185.0	186.0	49.0	50.0
256.0	0.0009765625	0.8021276595744681	0.8085106382978723	0.7957446808510639	0.8860208239022183	0.890780585095553	0.6043045628127734	190.0	187.0	48.0	45.0
256.0	0.001953125	0.825531914893617	0.8340425531914893	0.8170212765957446	0.8969488456315076	0.9015212491823938	0.6511581646479667	196.0	192.0	43.0	39.0
256.0	0.00390625	0.8276595744680851	0.8340425531914893	0.8212765957446808	0.9003531009506565	0.9040465534146582	0.6553725540363882	196.0	193.0	42.0	39.0
256.0	0.0078125	0.8212765957446808	0.8297872340425532	0.8127659574468085	0.8991942055228611	0.8993689740551751	0.6426462932146599	195.0	191.0	44.0	40.0
256.0	0.015625	0.8170212765957446	0.8425531914893617	0.7914893617021277	0.8937980986871886	0.8971602163992565	0.6348708109575583	198.0	186.0	49.0	37.0
256.0	0.03125	0.7957446808510639	0.8212765957446808	0.7702127659574468	0.8767406066093255	0.8782933923521524	0.5922620316986618	193.0	181.0	54.0	42.0
512.0	3.0517578125e-05	0.7936170212765957	0.7787234042553192	0.8085106382978723	0.8455952919873245	0.871498480922235	0.5874947363557899	183.0	190.0	45.0	52.0
512.0	6.103515625e-05	0.7914893617021277	0.7787234042553192	0.8042553191489362	0.8485830692621095	0.8733668646237648	0.5831688320549347	183.0	189.0	46.0	52.0
512.0	0.0001220703125	0.7851063829787234	0.7787234042553192	0.7914893617021277	0.8535717519239474	0.8755985257958114	0.5702592353303637	183.0	186.0	49.0	52.0
512.0	0.000244140625	0.7872340425531915	0.7872340425531915	0.7872340425531915	0.8649162516976008	0.8811395236207982	0.574468085106383	185.0	185.0	50.0	50.0
512.0	0.00048828125	0.7872340425531915	0.7914893617021277	0.7829787234042553	0.8792756903576278	0.8857198403366286	0.5744888908752901	186.0	184.0	51.0	49.0
512.0	0.0009765625	0.8127659574468085	0.8085106382978723	0.8170212765957446	0.8934178361249433	0.8973853875082505	0.6255545700642048	190.0	192.0	43.0	45.0
512.0	0.001953125	0.825531914893617	0.8297872340425532	0.8212765957446808	0.9000814848347669	0.9045056192876335	0.6510874096586621	195.0	193.0	42.0	40.0
512.0	0.00390625	0.8319148936170213	0.8382978723404255	0.825531914893617	0.9009144409234948	0.9037180886505792	0.6638838859069905	197.0	194.0	41.0	38.0
512.0	0.0078125	0.8106382978723404	0.8170212765957446	0.8042553191489362	0.8935626980534178	0.8961625584448404	0.6213272265539784	192.0	189.0	46.0	43.0
512.0	0.015625	0.8021276595744681	0.8297872340425532	0.774468085106383	0.88831145314622	0.8937526441012353	0.6051820201688085	195.0	182.0	53.0	40.0
512.0	0.03125	0.7978723404255319	0.825531914893617	0.7702127659574468	0.8674332277048438	0.866033745248047	0.5966583297438957	194.0	181.0	54.0	41.0
1024.0	3.0517578125e-05	0.7893617021276595	0.774468085106383	0.8042553191489362	0.8480126754187416	0.8726150525945283	0.5789803198868654	182.0	189.0	46.0	53.0
1024.0	6.103515625e-05	0.7851063829787234	0.7787234042553192	0.7914893617021277	0.8517609778180171	0.8752805109457935	0.5702592353303637	183.0	186.0	49.0	52.0
1024.0	0.0001220703125	0.7851063829787234	0.7787234042553192	0.7914893617021277	0.8593933906745134	0.8794668156924909	0.5702592353303637	183.0	186.0	49.0	52.0
1024.0	0.000244140625	0.7829787234042553	0.7829787234042553	0.7829787234042553	0.8734087822544139	0.884206449819588	0.5659574468085107	184.0	184.0	51.0	51.0
1024.0	0.00048828125	0.8	0.8042553191489362	0.7957446808510639	0.8878406518786781	0.8922252542241813	0.6000217304697474	189.0	187.0	48.0	46.0
1024.0	0.0009765625	0.8212765957446808	0.8297872340425532	0.8127659574468085	0.8988139429606157	0.9035011705020964	0.6426462932146599	195.0	191.0	44.0	40.0
1024.0	0.001953125	0.8319148936170213	0.8340425531914893	0.8297872340425532	0.9000814848347668	0.9043316559847263	0.6638357975446149	196.0	195.0	40.0	39.0
1024.0	0.00390625	0.8276595744680851	0.8340425531914893	0.8212765957446808	0.8964237211407876	0.8987094755274916	0.6553725540363882	196.0	193.0	42.0	39.0
1024.0	0.0078125	0.8063829787234043	0.8170212765957446	0.7957446808510639	0.889923042100498	0.8957918986936955	0.612904702146299	192.0	187.0	48.0	43.0
1024.0	0.015625	0.8	0.8127659574468085	0.7872340425531915	0.8793300135808058	0.8815880579236319	0.6001956592682176	191.0	185.0	50.0	44.0
1024.0	0.03125	0.7957446808510639	0.8212765957446808	0.7702127659574468	0.8604074241738342	0.8583626838572546	0.5922620316986618	193.0	181.0	54.0	42.0
2048.0	3.0517578125e-05	0.7851063829787234	0.7829787234042553	0.7872340425531915	0.850258035310095	0.8744314282771772	0.5702179286601179	184.0	185.0	50.0	51.0
2048.0	6.103515625e-05	0.774468085106383	0.774468085106383	0.774468085106383	0.8560796740606609	0.8773371341464373	0.548936170212766	182.0	182.0	53.0	53.0
2048.0	0.0001220703125	0.7787234042553192	0.7872340425531915	0.7702127659574468	0.8666908103214123	0.881047030821793	0.5575275788815924	185.0	181.0	54.0	50.0
2048.0	0.000244140625	0.7808510638297872	0.7914893617021277	0.7702127659574468	0.8822453598913536	0.8891766670050649	0.5618293103007741	186.0	181.0	54.0	49.0
2048.0	0.00048828125	0.8106382978723404	0.8085106382978723	0.8127659574468085	0.8952829334540517	0.9006710073866063	0.6212822207789344	190.0	191.0	44.0	45.0
2048.0	0.0009765625	0.823404255319149	0.8340425531914893	0.8127659574468085	0.9012222725215029	0.9066546879508122	0.6469549633766489	196.0	191.0	44.0	39.0
2048.0	0.001953125	0.8340425531914893	0.8382978723404255	0.8297872340425532	0.8983612494341331	0.903197519444274	0.6681093027216337	197.0	195.0	40.0	38.0
2048.0	0.00390625	0.8148936170212766	0.8212765957446808	0.8085106382978723	0.8892621095518334	0.8933304649089624	0.6298385584245808	193.0	190.0	45.0	42.0
2048.0	0.0078125	0.8063829787234043	0.8170212765957446	0.7957446808510639	0.8833680398370303	0.8894061649103586	0.612904702146299	192.0	187.0	48.0	43.0
2048.0	0.015625	0.8042553191489362	0.8212765957446808	0.7872340425531915	0.867378904481666	0.8674270227656463	0.6088635451623704	193.0	185.0	50.0	42.0
2048.0	0.03125	0.7893617021276595	0.8127659574468085	0.7659574468085106	0.8593028519692169	0.8564429576619693	0.5793584501023474	191.0	180.0	55.0	44.0
4096.0	3.0517578125e-05	0.7723404255319148	0.774468085106383	0.7702127659574468	0.8534993209597103	0.8756771663570969	0.5446857826007097	182.0	181.0	54.0	53.0
4096.0	6.103515625e-05	0.7829787234042553	0.7872340425531915	0.7787234042553192	0.8619284744228157	0.8793760276451315	0.5659779443438043	185.0	183.0	52.0	50.0
4096.0	0.0001220703125	0.774468085106383	0.7702127659574468	0.7787234042553192	0.8758442734268901	0.8864546123381878	0.5489560512808328	181.0	183.0	52.0	54.0
4096.0	0.000244140625	0.7978723404255319	0.8	0.7957446808510639	0.8891806247170666	0.8960155457721993	0.5957500747195261	188.0	187.0	48.0	47.0
4096.0	0.00048828125	0.825531914893617	0.8297872340425532	0.8212765957446808	0.8995382526029878	0.9049019813274635	0.6510874096586621	195.0	193.0	42.0	40.0
4096.0	0.0009765625	0.823404255319149	0.8297872340425532	0.8170212765957446	0.9000633770937075	0.9059188489854996	0.6468612221657857	195.0	192.0	43.0	40.0
4096.0	0.001953125	0.823404255319149	0.825531914893617	0.8212765957446808	0.8922770484382073	0.8971734375743085	0.6468143668383427	194.0	193.0	42.0	41.0
4096.0	0.00390625	0.8042553191489362	0.8042553191489362	0.8042553191489362	0.8833680398370304	0.8901519207997565	0.6085106382978723	189.0	189.0	46.0	46.0
4096.0	0.0078125	0.8042553191489362	0.8127659574468085	0.7957446808510639	0.8769760072430964	0.8777213209338808	0.6085988074814329	191.0	187.0	48.0	44.0
4096.0	0.015625	0.7957446808510639	0.8127659574468085	0.7787234042553192	0.85740153915799	0.8556072647329749	0.5918323970459405	191.0	183.0	52.0	44.0
4096.0	0.03125	0.7914893617021277	0.8170212765957446	0.7659574468085106	0.8594114984155726	0.8565787655295185	0.5837402758468824	192.0	180.0	55.0	43.0
8192.0	3.0517578125e-05	0.776595744680851	0.7787234042553192	0.774468085106383	0.8593933906745133	0.8786563715246338	0.5531964979538457	183.0	182.0	53.0	52.0
8192.0	6.103515625e-05	0.7829787234042553	0.7787234042553192	0.7872340425531915	0.8709642372114079	0.8846344072771524	0.5659779443438043	183.0	185.0	50.0	52.0
8192.0	0.0001220703125	0.7872340425531915	0.7872340425531915	0.7872340425531915	0.8839837030330466	0.8928000572531962	0.574468085106383	185.0	185.0	50.0	50.0
8192.0	0.000244140625	0.8063829787234043	0.7957446808510639	0.8170212765957446	0.8953915799004074	0.9016082498193415	0.612904702146299	187.0	192.0	43.0	48.0
8192.0	0.00048828125	0.825531914893617	0.8297872340425532	0.8212765957446808	0.901222272521503	0.9067081955796532	0.6510874096586621	195.0	193.0	42.0	40.0
8192.0	0.0009765625	0.825531914893617	0.8340425531914893	0.8170212765957446	0.8940153915799004	0.9008277205100044	0.6511581646479667	196.0	192.0	43.0	39.0
8192.0	0.001953125	0.8170212765957446	0.8212765957446808	0.8127659574468085	0.8848528746038931	0.891401151219578	0.6340655165956905	193.0	191.0	44.0	42.0
8192.0	0.00390625	0.8021276595744681	0.8085106382978723	0.7957446808510639	0.8783521955636034	0.8827071140318806	0.6043045628127734	190.0	187.0	48.0	45.0
8192.0	0.0078125	0.7872340425531915	0.8	0.774468085106383	0.8644273426889995	0.8638530602958466	0.5746554184482934	188.0	182.0	53.0	47.0
8192.0	0.015625	0.7893617021276595	0.8085106382978723	0.7702127659574468	0.8568945224083295	0.8537960305914323	0.5791482863307491	190.0	181.0	54.0	45.0
8192.0	0.03125	0.7914893617021277	0.8170212765957446	0.7659574468085106	0.8593933906745134	0.8565787655295185	0.5837402758468824	192.0	180.0	55.0	43.0
16384.0	3.0517578125e-05	0.776595744680851	0.774468085106383	0.7787234042553192	0.8663467632412856	0.8836005608730211	0.5531964979538457	182.0	183.0	52.0	53.0
16384.0	6.103515625e-05	0.7787234042553192	0.7702127659574468	0.7872340425531915	0.8777365323675871	0.8896099332650083	0.5575275788815924	181.0	185.0	50.0	54.0
16384.0	0.0001220703125	0.8021276595744681	0.7957446808510639	0.8085106382978723	0.8907559981892261	0.8982867856657243	0.6043045628127734	187.0	190.0	45.0	48.0
16384.0	0.000244140625	0.823404255319149	0.825531914893617	0.8212765957446808	0.9001991851516523	0.9053159668676024	0.6468143668383427	194.0	193.0	42.0	41.0
16384.0	0.00048828125	0.8297872340425532	0.8382978723404255	0.8212765957446808	0.8978813942960615	0.9044415346875642	0.6596700360812735	197.0	193.0	42.0	38.0
16384.0	0.0009765625	0.8212765957446808	0.8297872340425532	0.8127659574468085	0.8871887732005433	0.8939187835111151	0.6426462932146599	195.0	191.0	44.0	40.0
16384.0	0.001953125	0.8063829787234043	0.8170212765957446	0.7957446808510639	0.8786600271616114	0.8849075138373376	0.612904702146299	192.0	187.0	48.0	43.0
16384.0	0.00390625	0.7893617021276595	0.7957446808510639	0.7829787234042553	0.8693979176097781	0.869538813938668	0.5787705672009662	187.0	184.0	51.0	48.0
16384.0	0.0078125	0.7829787234042553	0.7914893617021277	0.774468085106383	0.8549751018560434	0.8529051101224996	0.5660394503148991	186.0	182.0	53.0	49.0
16384.0	0.015625	0.7893617021276595	0.8085106382978723	0.7702127659574468	0.8570031688546854	0.8538811309973736	0.5791482863307491	190.0	181.0	54.0	45.0
16384.0	0.03125	0.7914893617021277	0.8170212765957446	0.7659574468085106	0.8593933906745134	0.8565787655295185	0.5837402758468824	192.0	180.0	55.0	43.0
32768.0	3.0517578125e-05	0.774468085106383	0.7574468085106383	0.7914893617021277	0.8719058397464916	0.8879543617574176	0.5492545267548656	178.0	186.0	49.0	57.0
32768.0	6.103515625e-05	0.7914893617021277	0.7914893617021277	0.7914893617021277	0.8837483023992757	0.8936060979242573	0.5829787234042553	186.0	186.0	49.0	49.0
32768.0	0.0001220703125	0.825531914893617	0.825531914893617	0.825531914893617	0.8968401991851517	0.9035227501835604	0.6510638297872341	194.0	194.0	41.0	41.0
32768.0	0.000244140625	0.8297872340425532	0.8382978723404255	0.8212765957446808	0.8987143503847896	0.9048881092403274	0.6596700360812735	197.0	193.0	42.0	38.0
32768.0	0.00048828125	0.823404255319149	0.8297872340425532	0.8170212765957446	0.8886192847442281	0.8983998002687669	0.6468612221657857	195.0	192.0	43.0	40.0
32768.0	0.0009765625	0.8127659574468085	0.8170212765957446	0.8085106382978723	0.8819465821638751	0.8884625628628595	0.6255545700642048	192.0	190.0	45.0	43.0
32768.0	0.001953125	0.8	0.8042553191489362	0.7957446808510639	0.8705839746491626	0.8722082591378819	0.6000217304697474	189.0	187.0	48.0	46.0
32768.0	0.00390625	0.7829787234042553	0.7872340425531915	0.7787234042553192	0.8585151652331372	0.8591409737581083	0.5659779443438043	185.0	183.0	52.0	50.0
32768.0	0.0078125	0.7872340425531915	0.8	0.774468085106383	0.8542870076957899	0.8509619512644024	0.5746554184482934	188.0	182.0	53.0	47.0
32768.0	0.015625	0.7893617021276595	0.8085106382978723	0.7702127659574468	0.8570212765957447	0.853911498827529	0.5791482863307491	190.0	181.0	54.0	45.0
32768.0	0.03125	0.7914893617021277	0.8170212765957446	0.7659574468085106	0.8594296061566319	0.8565974096668754	0.5837402758468824	192.0	180.0	55.0	43.0
